image: my_map.pgm
resolution: 0.050000
origin: [-1.362852, -17.930676, 0.000000]
negate: 0
occupied_thresh: 0.65
free_thresh: 0.196

